"CODIGO_IAS"	"Unique_Ide"	"Taxon"	"Lentil_Rus"	"Resistance"	"Latitude"	"Longitude"	"Country"	"Province"	"Locality"	"ELC_catego"	"BBC_126"	"BBC_370"	"BBC_585"	"CNRM_126"	"CNRM_370"	"CNRM_585"	"IPSL_126"	"IPSL_370"	"IPSL_585"	"BCC_126_B12"	"BCC_370_B12"	"BCC_585_B12"	"IPSL_126_B12"	"IPSL_370_B12"	"IPSL_585_B12"	"CNRM_126_B12"	"CNRM_370_B12"	"CNRM_585_B12"	"CURRENT_BIO1"	"CURRENT_BIO12"
1002	"Eval2"	"Lens culinaris"	58	0	37.49194444	-2.773611111	"Spain"	"Granada"	"Baza"	"21"	15.2875003815	15.5166664124	15.7624998093	15.4458332062	15.3374996185	15.4958333969	15.5333328247	15.5749998093	15.5833330154	393	402	389	375	377	366	393	386	380	142.839996338	443.359985352
1003	"Eval3"	"Lens culinaris"	62	0	37.78694444	-5.27	"Spain"	"Córdoba"	"Montealto (Hornachuelos)"	"2"	18.7000007629	18.9083328247	19.2333335876	18.8500003815	18.7625007629	18.8999996185	18.8833332062	18.9166660309	18.9708328247	530	527	488	492	497	485	527	523	515	178.600006104	605.280029297
1004	"Eval4"	"Lens culinaris"	71	0	28.79722222	-17.75861111	"Spain"	"Tenerife"	"San Andrés"	"2"	19.5	19.5958328247	19.7875003815	19.8333339691	19.8624992371	19.8958339691	19.7333335876	19.7875003815	19.6166667938	329	321	331	316	319	328	328	320	315	191.125	370.3125
1005	"Eval5"	"Lens culinaris"	77	0	37.76888889	-3.956666667	"Spain"	"Jaén"	"Torredonjimeno"	"2"	17.5750007629	17.8125	18.0916671753	17.7208328247	17.6291675568	17.7916660309	17.8083343506	17.8416671753	17.8791656494	467	473	448	442	445	432	471	460	459	165.479995728	563.799987793
1006	"Eval6"	"Lens culinaris"	72	0	42.22166667	-4.855555556	"Spain"	"Palencia"	"Cisneros"	"24"	12.8208332062	13.1041669846	13.4041671753	13.0500001907	12.9291667938	13.0333337784	13.1916666031	13.2958335876	13.1583337784	462	478	430	451	454	445	468	455	460	116.400001526	489.720001221
1015	"Eval15"	"Lens culinaris"	73	0	42.4925	-4.603055556	"Spain"	"Palencia"	"Villota del Duque (Loma de Ucieza)"	"24"	12.1416664124	12.3833332062	12.6583328247	12.3458337784	12.2416667938	12.3416662216	12.4749994278	12.5958337784	12.4458332062	518	535	483	504	504	498	529	515	523	108.680000305	585.960021973
1018	"Eval18"	"Lens culinaris"	36	0	39.77111111	3.024444444	"Spain"	"Baleares"	"Sa Pobla"	"2"	17.7250003815	17.8416671753	18.1333332062	17.7958335876	17.6916656494	17.8083324432	17.7833328247	17.8458328247	17.7291660309	661	675	676	641	651	662	682	670	664	165.559997559	622.960021973
1019	"Eval19"	"Lens culinaris"	62	0	41.33166667	-5.080277778	"Spain"	"Valladolid"	"Nava del Rey"	"21"	13.3874998093	13.6999998093	14.0041666031	13.6499996185	13.5749998093	13.6875	13.8000001907	13.875	13.75	415	431	385	403	407	390	413	402	404	122.040000916	376.839996338
1020	"Eval20"	"Lens culinaris"	58	0	42.13388889	-5.089166667	"Spain"	"Valladolid"	"Bustillo de Chaves"	"24"	12.9916667938	13.2833337784	13.5874996185	13.2208328247	13.1083335876	13.2208337784	13.375	13.4750003815	13.3374996185	479	498	446	469	471	463	483	474	475	116.680000305	465.720001221
1023	"Eval23"	"Lens culinaris"	70	0	42.21333333	-5.204722222	"Spain"	"Valladolid"	"Saelices de Moyarga"	"24"	13.0666666031	13.3583335876	13.6708335876	13.2958335876	13.2041664124	13.3083333969	13.4499998093	13.5583333969	13.4125003815	495	516	461	484	488	477	500	490	493	117.199996948	474.640014648
1024	"Eval24"	"Lens culinaris"	60	0	39.92333333	-3.007777778	"Spain"	"Cuenca"	"Fuente de Pedro Naharro"	"21"	15.1125001907	15.4041662216	15.6833333969	15.2583332062	15.1708335876	15.3208332062	15.4458332062	15.4958333969	15.4416666031	442	447	430	433	433	422	450	437	435	131.800003052	446.720001221
1025	"Eval25"	"Lens culinaris"	55	0	38.11027778	-3.085	"Spain"	"Jaén"	"Villacarrillo"	"21"	16.5166664124	16.7833328247	17.0375003815	16.6708335876	16.5791664124	16.75	16.8583335876	16.9125003815	16.9041671753	398	401	389	381	379	371	402	393	390	152.199996948	450.519989014
1026	"Eval26"	"Lens culinaris"	65	0	40.86972222	-2.8425	"Spain"	"Guadalajara"	"Ledanca"	"24"	12.6875	13.0083332062	13.2749996185	12.9291667938	12.8333330154	12.9791669846	13.0749998093	13.1500005722	13.0666666031	453	461	442	443	445	428	460	445	449	110.519996643	481.440002441
1027	"Eval27"	"Lens culinaris"	61	0	40.92638889	-2.921111111	"Spain"	"Guadalajara"	"Jadraque"	"24"	13.5083332062	13.8166666031	14.0999994278	13.7624998093	13.6666669846	13.8000001907	13.8999996185	13.9583330154	13.8708333969	398	405	388	393	394	377	408	394	395	120.680000305	436.040008545
1028	"Eval28"	"Lens culinaris"	42	0	42.80833333	-5.584722222	"Spain"	"León"	"Brugos de Fenar (La Robla)"	"24"	10.8041667938	11.0916671753	11.3874998093	11.0375003815	10.9250001907	11.0041666031	11.1541662216	11.2624998093	11.125	783	822	730	762	758	751	804	785	796	94.8799972534	723.520019531
1029	"Eval29"	"Lens culinaris"	61	0	40.51166667	-2.89	"Spain"	"Guadalajara"	"Fuentelencina"	"24"	13.4499998093	13.7624998093	14.0291662216	13.6499996185	13.5625	13.7166662216	13.8333330154	13.8874998093	13.8125	460	464	446	449	451	434	467	453	455	115.319999695	478.200012207
1030	"Eval30"	"Lens culinaris"	53	0	40.21138889	-3.190833333	"Spain"	"Madrid"	"Valdaracete"	"21"	14.9958333969	15.3000001907	15.5625	15.1458330154	15.0833330154	15.2250003815	15.3374996185	15.3916664124	15.3333330154	431	437	418	422	421	409	438	426	426	131.320007324	443.399993896
1031	"Eval31"	"Lens culinaris"	60	0	40.14277778	-2.568888889	"Spain"	"Cuenca"	"Caracenilla (Huete)"	"24"	14.3333330154	14.625	14.8874998093	14.5	14.4041671753	14.5791664124	14.7083330154	14.7458333969	14.6958332062	465	468	456	458	458	444	474	461	460	122.120002747	477.239990234
1032	"Eval32"	"Lens culinaris"	57	0	40.03888889	-2.7375	"Spain"	"Cuenca"	"Carrascosa del Campo (Campos del Paraíso)"	"21"	14.3500003815	14.6541662216	14.9291667938	14.5208330154	14.4416666031	14.5916662216	14.7291669846	14.7666664124	14.7041664124	470	472	460	464	463	447	478	466	462	123.279998779	477.720001221
1033	"Eval33"	"Lens culinaris"	49	0	39.82416667	-2.767222222	"Spain"	"Cuenca"	"Almonacid del Marquesado"	"21"	14.6625003815	14.9624996185	15.2208328247	14.8041667938	14.7166671753	14.8708333969	15.0166664124	15.0500001907	15.0208339691	463	465	451	456	455	444	471	458	455	125.720001221	473.880004883
1035	"Eval35"	"Lens culinaris"	62	0	39.525	-1.977222222	"Spain"	"Cuenca"	"Cruz de la Legua (Valhermoso de la Fuente)"	"21"	14.9750003815	15.2916669846	15.5208330154	15.1500005722	15.0500001907	15.2166662216	15.3125	15.3416662216	15.3083333969	420	418	420	420	418	413	434	423	416	130.080001831	445.160003662
1036	"Eval36"	"Lens culinaris"	62	0	39.50027778	-1.897222222	"Spain"	"Cuenca"	"El Peral"	"21"	14.8916664124	15.2083330154	15.4291667938	15.0583333969	14.9666662216	15.1374998093	15.2250003815	15.2666664124	15.2166671753	415	412	416	414	413	409	429	418	411	129.36000061	445.559997559
1037	"Eval37"	"Lens culinaris"	59	0	39.36666667	-1.7	"Spain"	"Cuenca"	"Ledaña (Iniesta 1 km)"	"21"	15.3166666031	15.6208333969	15.8541669846	15.4916667938	15.375	15.5625	15.6166667938	15.6625003815	15.6208333969	372	369	374	372	372	367	387	377	368	136.320007324	414.920013428
1038	"Eval38"	"Lens culinaris"	60	0	39.35722222	-1.715	"Spain"	"Cuenca"	"Ledaña"	"21"	15.3166666031	15.625	15.8500003815	15.4791669846	15.375	15.5500001907	15.6208333969	15.6625003815	15.6166667938	385	384	388	386	386	381	401	391	383	135.559997559	417.480010986
1040	"Eval40"	"Lens culinaris"	62	0	38.63583333	-1.968333333	"Spain"	"Albacete"	"Casablanca 500m (Liétor)"	"21"	14.6291666031	14.9083337784	15.1500005722	14.7958335876	14.6708335876	14.8833332062	14.9291667938	14.9541664124	14.9416666031	412	408	409	404	404	395	423	417	404	132.919998169	436.160003662
1041	"Eval41"	"Lens culinaris"	67	0	38.62194444	-2.026388889	"Spain"	"Albacete"	"La Herrería (Alcadozo)"	"21"	14.3916664124	14.6624994278	14.9083337784	14.5625	14.4375	14.6541662216	14.6916666031	14.7416667938	14.6958332062	416	414	413	408	408	399	427	418	407	131.320007324	446.200012207
1042	"Eval42"	"Lens culinaris"	72	0	38.75194444	-1.9525	"Spain"	"Albacete"	"Los Pocicos (Pozohondo)"	"21"	14.8708333969	15.1666660309	15.4124994278	15.0458335876	14.9375	15.1208333969	15.1625003815	15.2083330154	15.1875	390	387	389	386	386	379	402	396	385	135.119995117	421.320007324
1043	"Eval43"	"Lens culinaris"	70	0	38.72222222	-1.91	"Spain"	"Albacete"	"Pozohondo"	"21"	14.7708330154	15.0583333969	15.2833337784	14.9166669846	14.8083333969	15.0083332062	15.0541667938	15.0916671753	15.0666666031	399	397	399	395	395	387	411	405	393	134.679992676	424.519989014
1044	"Eval44"	"Lens culinaris"	60	0	38.96333333	-2.125	"Spain"	"Albacete"	"La Herrera"	"21"	15.7791671753	16.0791664124	16.3166675568	15.9458332062	15.8333330154	16.0333328247	16.1083335876	16.1499996185	16.125	393	391	388	388	389	383	405	395	388	141.479995728	393.279998779
1045	"Eval45"	"Lens culinaris"	62	0	38.88527778	-2.149722222	"Spain"	"Albacete"	"Balazote"	"21"	15.5749998093	15.8500003815	16.1000003815	15.7291669846	15.625	15.8083333969	15.8999996185	15.9333333969	15.9125003815	403	401	400	399	397	392	415	407	397	138.800003052	407.079986572
1046	"Eval46"	"Lens culinaris"	52	0	39.28833333	-1.47	"Spain"	"Albacete"	"Casas-Ibañez"	"21"	15.3041667938	15.6333332062	15.8249998093	15.4666662216	15.3625001907	15.5500001907	15.5874996185	15.6208333969	15.5874996185	367	363	370	366	367	362	380	370	361	137.880004883	416.920013428
1047	"Eval47"	"Lens culinaris"	58	0	39.26666667	-1.911666667	"Spain"	"Albacete"	"Tarazona de La Mancha"	"21"	15.5791664124	15.8916664124	16.1291656494	15.75	15.6500005722	15.8208332062	15.9166669846	15.9375	15.9083328247	391	388	389	389	389	385	403	394	387	137.839996338	406.519989014
1048	"Eval48"	"Lens culinaris"	66	0	39.25666667	-1.853055556	"Spain"	"Albacete"	"Tarazona de La Mancha (Madriguera Casas Ferrer)"	"21"	15.5916671753	15.8958330154	16.125	15.7541666031	15.6500005722	15.8249998093	15.9125003815	15.9541664124	15.9083337784	384	383	383	385	384	380	398	390	382	138.039993286	406.679992676
1049	"Eval49"	"Lens culinaris"	76	0	39.115	-1.996666667	"Spain"	"Albacete"	"La Gineta"	"21"	15.7541666031	16.0625	16.2791671753	15.9208335876	15.8041667938	15.9958333969	16.0833339691	16.1208324432	16.0708332062	380	379	378	380	378	372	393	384	377	141.039993286	392.200012207
1050	"Eval50"	"Lens culinaris"	90	0	39.32472222	-2.269166667	"Spain"	"Cuenca"	"Casas de Haro"	"21"	15.6833333969	15.9750003815	16.2291660309	15.8458337784	15.75	15.9166669846	16.0541667938	16.0833339691	16.0499992371	417	414	412	413	415	408	426	414	409	137.039993286	418.600006104
1051	"Eval51"	"Lens culinaris"	57	0	39.33333333	-2.266666667	"Spain"	"Cuenca"	"Hoya del Muerto (Casas de Haro)"	"21"	15.6833333969	15.9750003815	16.2291660309	15.8458337784	15.75	15.9166669846	16.0541667938	16.0833339691	16.0499992371	417	414	412	413	415	408	426	414	409	137.039993286	418.600006104
1055	"Eval55"	"Lens culinaris"	67	0	40.90361111	-2.913055556	"Spain"	"Guadalajara"	"Villanueva de Argecilla"	"24"	12.6958332062	13.0208330154	13.2958335876	12.9375	12.8583335876	13	13.0916662216	13.1583328247	13.0791664124	442	451	431	437	437	420	451	437	440	109.879997253	482.679992676
1056	"Eval56"	"Lens culinaris"	59	0	40.95388889	-2.415277778	"Spain"	"Guadalajara"	"La Hortezuela de Océn"	"24"	12.1625003815	12.4624996185	12.7208328247	12.3874998093	12.2916669846	12.4375	12.5375003815	12.6000003815	12.5041666031	524	532	516	519	519	500	539	523	523	103.040000916	509.799987793
1057	"Eval57"	"Lens culinaris"	52	0	40.86444444	-2.724722222	"Spain"	"Guadalajara"	"Alaminos"	"24"	12.8083333969	13.1125001907	13.3833332062	13.0333337784	12.9458332062	13.0833330154	13.1875	13.2583332062	13.1708335876	469	476	459	459	460	441	478	462	465	110.919998169	480.200012207
1059	"Eval59"	"Lens culinaris"	69	0	43.15222222	-4.916111111	"Spain"	"León"	"Posada de Valdeón"	"15"	8.50416660309	8.71249961853	8.99583339691	8.72500038147	8.60833358765	8.68333339691	8.83333301544	8.94999980927	8.8125	971	1012	916	940	937	936	1008	980	998	79.4000015259	940.400024414
1060	"Eval60"	"Lens culinaris"	73	0	41.82083333	-4.176388889	"Spain"	"Palencia"	"Hérmedes de Cerrato"	"24"	12.5874996185	12.8916664124	13.1708335876	12.8083333969	12.7083330154	12.8208332062	12.9583330154	13.0583333969	12.9291667938	413	425	385	409	409	397	417	404	409	112.680000305	470.160003662
1062	"Eval62"	"Lens culinaris"	81	0	42.53472222	-5.275	"Spain"	"León"	"Saelices de Payuelo (Valdepolo)"	"24"	12.4416666031	12.7291669846	13.0124998093	12.6708335876	12.5625	12.6666669846	12.8125	12.9125003815	12.7749996185	547	570	509	532	532	522	558	543	549	109.680000305	562.08001709
1063	"Eval63"	"Lens culinaris"	56	0	42.33888889	-5.368055556	"Spain"	"León"	"Matadeón de los Oteros"	"24"	12.9583330154	13.25	13.5625	13.2041664124	13.0958337784	13.1958332062	13.3416662216	13.4499998093	13.3083333969	524	545	485	510	510	504	531	517	523	113.720001221	506.359985352
1064	"Eval64"	"Lens culinaris"	72	0	42.275	-5.433333333	"Spain"	"León"	"Alcuetas (Villabraz)"	"24"	12.9625005722	13.25	13.5625	13.1875	13.0916662216	13.1916666031	13.3500003815	13.4541664124	13.3041667938	535	558	495	521	522	514	541	528	533	112.959999084	491.320007324
1066	"Eval66"	"Lens culinaris"	44	0	41.37472222	-2.908333333	"Spain"	"Soria"	"Alalo (Berlanga de Duero)"	"24"	11.6583337784	11.9750003815	12.2375001907	11.8999996185	11.8208332062	11.9541664124	12.0291671753	12.1125001907	12.0124998093	469	482	456	466	468	444	480	464	467	101.800003052	528.200012207
1067	"Eval67"	"Lens culinaris"	66	0	42.07833333	-3.912777778	"Spain"	"Burgos"	"Villahoz"	"24"	12.7041664124	12.9958333969	13.2875003815	12.9125003815	12.7916669846	12.9250001907	13.0458335876	13.1583337784	13.0208330154	417	431	393	415	413	399	427	412	416	110.839996338	505.679992676
1068	"Eval68"	"Lens culinaris"	47	0	42.33	-4.034166667	"Spain"	"Burgos"	"Castellanos de Castro"	"24"	12.1958332062	12.4583330154	12.7208337784	12.3999996185	12.2875003815	12.4041671753	12.5249996185	12.6416664124	12.4958333969	491	507	461	483	483	471	502	490	495	104.720001221	573.320007324
1069	"Eval69"	"Lens culinaris"	31	0	42.40944444	-4.175555556	"Spain"	"Burgos"	"Padilla de Abajo"	"24"	12.6708335876	12.9291667938	13.2041664124	12.8708333969	12.7624998093	12.8833332062	12.9916667938	13.125	12.9750003815	483	499	454	473	472	463	494	481	487	112.239997864	568.039978027
1070	"Eval70"	"Lens culinaris"	78	0	41.04388889	-5.534166667	"Spain"	"Salamanca"	"Gomecello"	"21"	13.0291662216	13.3374996185	13.6791667938	13.2916669846	13.2291669846	13.3374996185	13.4499998093	13.5249996185	13.4124994278	467	483	429	444	448	430	461	447	449	117.919998169	390.839996338
1071	"Eval71"	"Lens culinaris"	64	0	38.99722222	-1.854444444	"Spain"	"Albacete"	"Albacete"	"21"	15.6125001907	15.9208335876	16.1333332062	15.7875003815	15.6708335876	15.8583335876	15.9125003815	15.9541664124	15.9250001907	364	361	364	361	361	355	376	368	359	142.279998779	383.399993896
1072	"Eval72"	"Lens culinaris"	41	0	42.82777778	-4.951388889	"Spain"	"León"	"La Sota de Valderrueda (Valderrueda)"	"24"	10.5708332062	10.8125	11.0958337784	10.8083333969	10.6791667938	10.7708330154	10.9125003815	11.0416669846	10.8833332062	706	730	660	681	680	677	724	706	716	93.4000015259	739.520019531
1073	"Eval73"	"Lens culinaris"	64	0	42.57166667	-5.059722222	"Spain"	"León"	"Villamartín de Don Sancho"	"24"	12.2833337784	12.5500001907	12.8291664124	12.5249996185	12.4125003815	12.5	12.6541662216	12.75	12.6083335876	556	576	517	539	538	532	566	553	558	108.879997253	586.960021973
1074	"Eval74"	"Lens culinaris"	54	0	42.275	-5.058333333	"Spain"	"León"	"Arenillas de Valderaduey (Sahagún)"	"24"	12.9833335876	13.2458333969	13.5500001907	13.1875	13.0749998093	13.1958332062	13.3416662216	13.4458332062	13.3041667938	486	504	455	476	479	469	494	482	486	116.800003052	489.640014648
1075	"Eval75"	"Lens culinaris"	67	0	42.95138889	-6.070833333	"Spain"	"León"	"Riolago (San Emiliano)"	"15"	8.5	8.78333377838	9.08749961853	8.74166679382	8.62916660309	8.70416641235	8.86250019073	8.98333358765	8.82916641235	1155	1217	1079	1127	1119	1113	1186	1159	1177	77.3199996948	946.479980469
1076	"Eval76"	"Lens culinaris"	46	0	42.98472222	-6.023611111	"Spain"	"León"	"La Majua (San Emiliano)"	"16"	8.91666698456	9.20416641235	9.51666641235	9.15416622162	9.05416679382	9.12083339691	9.27499961853	9.38333320618	9.25416660309	1114	1173	1041	1087	1078	1076	1146	1119	1136	81.8399963379	915.840026855
1077	"Eval77"	"Lens culinaris"	60	0	42.95	-5.983333333	"Spain"	"León"	"Villafeliz (San Emiliano)"	"16"	9.06666660309	9.36250019073	9.67083358765	9.30416679382	9.19166660309	9.27916622162	9.43333339691	9.55000019073	9.39999961853	1090	1146	1018	1062	1056	1051	1119	1092	1110	83.9199981689	881.640014648
1078	"Eval78"	"Lens culinaris"	38	0	42.89305556	-5.763888889	"Spain"	"León"	"Geras (La Pola de Gordon)"	"15"	8.96249961853	9.25	9.55833339691	9.19999980927	9.07916641235	9.17083358765	9.32083320618	9.42500019073	9.28333377838	1013	1066	947	987	981	976	1043	1018	1032	81.3199996948	857.880004883
1079	"Eval79"	"Lens culinaris"	47	0	42.95277778	-5.544444444	"Spain"	"León"	"Valverdín (Carmenes)"	"16"	9.39999961853	9.6875	9.98333358765	9.625	9.50833320618	9.60000038147	9.74166679382	9.86250019073	9.70833301544	918	964	860	893	889	885	947	923	935	84.5999984741	829.880004883
1080	"Eval80"	"Lens culinaris"	56	0	42.88611111	-5.454166667	"Spain"	"León"	"Correcillas (Valdepielago)"	"24"	8.45833301544	8.72083377838	9.02083301544	8.68333339691	8.57499980927	8.64999961853	8.79583358765	8.91250038147	8.76249980927	1014	1063	951	988	981	978	1046	1018	1033	70.1200027466	911.599975586
1081	"Eval81"	"Lens culinaris"	59	0	42.97333333	-4.923888889	"Spain"	"León"	"Boca de Huérgano"	"16"	9.42083358765	9.66250038147	9.94999980927	9.65416717529	9.54583358765	9.63333320618	9.77499961853	9.89583301544	9.74583339691	833	866	781	805	802	799	858	838	851	84.0800018311	846.08001709
1082	"Eval82"	"Lens culinaris"	60	0	43.00277778	-5.256944444	"Spain"	"León"	"Redipollos (Puebla de Lillo)"	"16"	9.44166660309	9.69166660309	9.97916698456	9.66666698456	9.54583358765	9.63333320618	9.77499961853	9.90416622162	9.75	880	922	829	855	851	847	913	888	905	85.5199966431	845.760009766
1083	"Eval83"	"Lens culinaris"	78	0	42.295	-5.518888889	"Spain"	"León"	"Valencia de Don Juan"	"24"	13.1166667938	13.4041671753	13.7208337784	13.3541669846	13.2583332062	13.3500003815	13.4958333969	13.6083335876	13.4666671753	542	563	502	527	528	520	548	536	541	117.199996948	484.279998779
1085	"Eval85"	"Lens culinaris"	47	0	41.0775	-5.611944444	"Spain"	"Salamanca"	"Carbajosa de Armuña (Castellanos de Villiquera)"	"21"	13.1458330154	13.4541664124	13.7958335876	13.4083337784	13.3458328247	13.4499998093	13.5749998093	13.6333332062	13.5249996185	507	527	466	483	486	466	502	488	491	119.160003662	390.160003662
1086	"Eval86"	"Lens culinaris"	61	0	41.065	-5.524166667	"Spain"	"Salamanca"	"Villaverde de Guareña"	"21"	13.0291662216	13.3374996185	13.6791667938	13.2916669846	13.2291669846	13.3374996185	13.4499998093	13.5249996185	13.4124994278	467	483	429	444	448	430	461	447	449	117.919998169	390.839996338
1087	"Eval87"	"Lens culinaris"	65	0	41.11527778	-5.572777778	"Spain"	"Salamanca"	"Tardaguila"	"21"	13.0083332062	13.3083333969	13.6499996185	13.2708330154	13.1999998093	13.3083333969	13.4333333969	13.5	13.3833332062	495	514	454	472	477	457	490	477	479	117.760002136	390.079986572
1088	"Eval88"	"Lens culinaris"	49	0	41.07472222	-5.566944444	"Spain"	"Salamanca"	"La Velles"	"21"	13.1166667938	13.4333333969	13.7708330154	13.3874998093	13.3166666031	13.4125003815	13.5374994278	13.6125001907	13.5083332062	480	498	440	457	461	443	475	462	463	118.919998169	390.519989014
1089	"Eval89"	"Lens culinaris"	81	0	41.70083333	-4.84	"Spain"	"Valladolid"	"Villanubla"	"24"	12.8000001907	13.1041669846	13.4041662216	13.0166664124	12.9541664124	13.0625	13.2041664124	13.2958335876	13.1625003815	465	482	433	458	461	448	468	455	458	116.279998779	434.040008545
1090	"Eval90"	"Lens culinaris"	69	0	42.35694444	-5.209166667	"Spain"	"León"	"Vallecillo"	"23"	12.8249998093	13.1125001907	13.4041662216	13.0458335876	12.9416666031	13.0416669846	13.2083330154	13.3041667938	13.1708335876	518	538	480	503	506	498	525	512	518	112.519996643	514.119995117
1091	"Eval91"	"Lens culinaris"	43	0	42.29777778	-5.897777778	"Spain"	"León"	"La Bañeza"	"24"	12.7749996185	13.0708332062	13.3958330154	13.0249996185	12.9375	13.0249996185	13.1958332062	13.2749996185	13.1333332062	702	734	647	682	684	669	706	691	698	115.36000061	524.840026855
1093	"Eval93"	"Lens culinaris"	52	0	42.35083333	-5.383888889	"Spain"	"León"	"Santa María de los Oteros (Matadeón de los Oteros)"	"24"	12.9666671753	13.2541666031	13.5541667938	13.2041664124	13.0958337784	13.2041664124	13.3458328247	13.4499998093	13.3041667938	523	543	482	507	509	502	529	516	521	113.440002441	505.600006104
1095	"Eval95"	"Lens culinaris"	59	0	40.74527778	-1.735277778	"Spain"	"Guadalajara"	"Anquela del Pedregal"	"24"	11.1583337784	11.4750003815	11.6958332062	11.3458337784	11.2583332062	11.4083328247	11.4833335876	11.5541667938	11.4833335876	548	556	547	546	543	525	570	552	557	88.5999984741	552.760009766
1096	"Eval96"	"Lens culinaris"	51	0	40.75138889	-1.806111111	"Spain"	"Guadalajara"	"Torrecuadrada de Molina"	"24"	12.2250003815	12.5458335876	12.7583332062	12.4125003815	12.3249998093	12.4708337784	12.5458335876	12.6166667938	12.5416669846	506	513	505	504	505	482	526	510	513	98.8399963379	501.160003662
1097	"Eval97"	"Lens culinaris"	35	0	40.58805556	-1.789722222	"Spain"	"Guadalajara"	"Checa"	"15"	10.2375001907	10.5541667938	10.7833337784	10.4166669846	10.3416662216	10.4791669846	10.5791664124	10.6333332062	10.5666666031	592	596	590	587	586	567	615	596	593	83.1200027466	596.359985352
1098	"Eval98"	"Lens culinaris"	39	0	40.73611111	-1.617777778	"Spain"	"Guadalajara"	"Setiles"	"24"	11.3916664124	11.7083330154	11.9250001907	11.5708332062	11.4875001907	11.6291666031	11.7124996185	11.7749996185	11.6958332062	515	522	516	514	511	492	538	519	522	91.0800018311	528.520019531
1099	"Eval99"	"Lens culinaris"	65	0	40.54472222	-2.9575	"Spain"	"Guadalajara"	"Tendilla"	"24"	13.5749998093	13.8791666031	14.1666669846	13.7791662216	13.6999998093	13.8416662216	13.9583330154	14.0249996185	13.9458332062	443	446	429	432	433	417	448	436	438	117.599998474	466.160003662
1100	"Eval100"	"Lens culinaris"	78	0	40.53166667	-3.030833333	"Spain"	"Guadalajara"	"Armuña de Tajuña"	"24"	14.3291664124	14.6291666031	14.9083337784	14.5124998093	14.4375	14.5791664124	14.7041664124	14.7624998093	14.6916666031	427	431	412	415	416	400	431	419	419	126.160003662	433.119995117
1101	"Eval101"	"Lens culinaris"	62	0	39.06861111	-3.610277778	"Spain"	"Ciudad Real"	"Daimiel"	"21"	16.3333339691	16.625	16.9166660309	16.4750003815	16.3958339691	16.5583324432	16.6749992371	16.7083339691	16.6875	391	391	373	376	380	370	396	386	386	147	419.880004883
1102	"Eval102"	"Lens culinaris"	65	0	38.71111111	-4.177777778	"Spain"	"Ciudad Real"	"Almodóvar del Campo"	"21"	16.2416667938	16.5166664124	16.8333339691	16.4125003815	16.3333339691	16.4874992371	16.5833339691	16.6083335876	16.625	446	445	418	426	425	412	452	439	438	148.880004883	491.480010986
1103	"Eval103"	"Lens culinaris"	63	0	38.98805556	-4.114722222	"Spain"	"Ciudad Real"	"Alcolea de Calatrava"	"21"	16.1833324432	16.4624996185	16.7791671753	16.3583335876	16.2708339691	16.4333324432	16.5375003815	16.5708332062	16.5833339691	407	406	384	391	393	381	414	401	400	147.080001831	445.519989014
1104	"Eval104"	"Lens culinaris"	61	0	39.96138889	-3.498333333	"Spain"	"Toledo"	"Ocaña"	"21"	15.4208335876	15.7166671753	16.0041675568	15.5583333969	15.4583330154	15.6374998093	15.7416667938	15.7916669846	15.7458333969	418	420	400	405	407	394	422	413	410	135.520004272	442.959991455
1105	"Eval105"	"Lens culinaris"	63	0	39.96638889	-4.300555556	"Spain"	"Toledo"	"Gerindote"	"21"	16.3041667938	16.5958328247	16.9166660309	16.4666671753	16.3916664124	16.5291671753	16.6541671753	16.6833324432	16.6416664124	353	352	332	337	337	323	354	345	341	146.279998779	380.959991455
1106	"Eval106"	"Lens culinaris"	58	0	42.60861111	-4.795555556	"Spain"	"Palencia"	"Celadilla del Río (Pino del Río)"	"24"	11.4541664124	11.7124996185	11.9875001907	11.6916666031	11.5708332062	11.6708335876	11.8166666031	11.9208335876	11.7708330154	583	604	545	568	567	560	598	582	589	102.760002136	636.320007324
1107	"Eval107"	"Lens culinaris"	75	0	42.32166667	-5.019166667	"Spain"	"León"	"Grajal de Campos"	"24"	12.8374996185	13.1125001907	13.4083328247	13.0666666031	12.9625005722	13.0458335876	13.2208337784	13.3166666031	13.1708335876	495	514	463	485	486	478	503	491	496	115.239997864	504.320007324
1108	"Eval108"	"Lens culinaris"	66	0	42.25416667	-5.266666667	"Spain"	"León"	"Albires"	"23"	13.0874996185	13.375	13.6833333969	13.3208332062	13.2083330154	13.3125	13.4750003815	13.5625	13.4166669846	504	525	467	492	494	485	510	498	502	115.519996643	485.480010986
1110	"Eval110"	"Lens culinaris"	50	0	40.32361111	-3.108333333	"Spain"	"Guadalajara"	"Mondéjar"	"21"	14.5999994278	14.9125003815	15.1666669846	14.7749996185	14.6916666031	14.8416662216	14.9583330154	15.0124998093	14.9499998093	439	445	426	429	429	415	445	433	434	127.040000916	449.480010986
1111	"Eval111"	"Lens culinaris"	69	0	41.24305556	-2.731111111	"Spain"	"Guadalajara"	"Paredes de Siguenza"	"24"	12.3291664124	12.625	12.8874998093	12.5666666031	12.4708337784	12.6083335876	12.6916666031	12.7624998093	12.6666669846	448	460	436	445	447	425	459	444	447	107.959999084	493.359985352
1112	"Eval112"	"Lens culinaris"	40	0	40.19583333	-1.616111111	"Spain"	"Cuenca"	"Zafrilla"	"24"	10.4458332062	10.7583332062	10.9833335876	10.6208333969	10.5249996185	10.6750001907	10.7708330154	10.8125	10.7541666031	557	555	557	551	549	535	576	558	557	87.7600021362	593.91998291
1113	"Eval113"	"Lens culinaris"	62	0	38.70277778	-2.602777778	"Spain"	"Albacete"	"Povedilla"	"21"	15.2583332062	15.5375003815	15.8041667938	15.4208335876	15.3208332062	15.5166664124	15.6166667938	15.6666669846	15.6416664124	433	431	424	423	424	416	442	432	428	137.240005493	442.880004883
1114	"Eval114"	"Lens culinaris"	63	0	39.13666667	-1.675277778	"Spain"	"Albacete"	"Valdeganga"	"21"	15.6041669846	15.9083337784	16.1333332062	15.7749996185	15.6708335876	15.8541669846	15.9041662216	15.9416666031	15.8916664124	357	354	358	356	357	352	371	361	353	141.800003052	392.920013428
1115	"Eval115"	"Lens culinaris"	57	0	39.62722222	-1.943611111	"Spain"	"Cuenca"	"Gabaldón"	"21"	13.9041671753	14.2083330154	14.4208335876	14.0583333969	13.9583330154	14.125	14.2208337784	14.2749996185	14.2166662216	442	442	440	441	440	433	457	444	439	121.720001221	482.239990234
1117	"Eval117"	"Lens culinaris"	79	0	28.60944444	-13.92638889	"Spain"	"Las Palmas"	"La Oliva"	"2"	20.1000003815	20.2250003815	20.4666671753	20.4291667938	20.4083328247	20.4083328247	20.2374992371	20.3041667938	20.1958332062	136	138	133	132	134	135	134	134	131	186.080001831	136.839996338
1118	"Eval118"	"Lens culinaris"	82	0	28.5325	-13.93194444	"Spain"	"Las Palmas"	"Tetir (Puerto del Rosario)"	"2"	20.0416660309	20.1583328247	20.4166660309	20.3541660309	20.3583335876	20.3458328247	20.1749992371	20.25	20.1291675568	135	137	132	133	134	134	133	133	130	183.440002441	136.320007324
1119	"Eval119"	"Lens culinaris"	81	0	28.39583333	-14.08666667	"Spain"	"Las Palmas"	"Vega de Río de Palmas (Betancuria)"	"2"	19.8208332062	19.9333324432	20.1875	20.1333332062	20.1458339691	20.1166667938	19.9583339691	20.0249996185	19.9125003815	135	137	132	134	134	134	133	134	130	184	136.080001831
1120	"Eval120"	"Lens culinaris"	48	0	41.94305556	-4.506388889	"Spain"	"Palencia"	"Calabazanos (Villamuriel de Cerrato)"	"24"	13.2541666031	13.5458335876	13.8374996185	13.4458332062	13.3541669846	13.4750003815	13.6208333969	13.7124996185	13.5874996185	401	415	376	398	399	390	406	396	399	121.599998474	436.440002441
1121	"Eval121"	"Lens culinaris"	69	0	37.71944444	-2.536388889	"Spain"	"Granada"	"La Alquería (Galera)"	"21"	15.0541667938	15.2791662216	15.5291662216	15.1958332062	15.0958337784	15.2624998093	15.3791666031	15.4083337784	15.4166669846	399	403	396	380	380	369	401	394	388	139.759994507	443.920013428
1122	"Eval122"	"Lens culinaris"	45	0	37.3225	-3.330555556	"Spain"	"Granada"	"Diezma"	"21"	14.6083335876	14.8166666031	15.0625	14.7708330154	14.6833333969	14.8291664124	14.7791671753	14.8166666031	14.8541669846	465	473	455	439	445	430	467	458	453	133.919998169	541.559997559
1123	"Eval123"	"Lens culinaris"	56	0	36.94611111	-3.179444444	"Spain"	"Granada"	"Cadiar"	"21"	15.2666664124	15.4291667938	15.6875	15.4833335876	15.3958330154	15.5291662216	15.4458332062	15.4750003815	15.5	425	438	423	410	414	400	432	424	422	139.800003052	472.359985352
1124	"Eval124"	"Lens culinaris"	57	0	39.20833333	-2.158055556	"Spain"	"Albacete"	"La Roda"	"21"	15.7708330154	16.0874996185	16.3083343506	15.9333333969	15.8291664124	16.0208339691	16.1291656494	16.1583328247	16.1208343506	410	407	405	406	405	399	420	409	402	139.960006714	403.079986572
1125	"Eval125"	"Lens culinaris"	63	0	39.2725	-2.318333333	"Spain"	"Albacete"	"Minaya"	"21"	15.6999998093	15.9916667938	16.2333335876	15.8500003815	15.7583332062	15.9375	16.0750007629	16.1000003815	16.0583343506	418	416	411	415	415	410	428	417	411	138.119995117	417.239990234
1130	"Eval130"	"Lens culinaris"	52	0	39.81805556	-2.949166667	"Spain"	"Cuenca"	"Pozorrubio"	"21"	15.2749996185	15.5791664124	15.8500003815	15.4125003815	15.3249998093	15.4833335876	15.6083335876	15.6541662216	15.6083335876	435	439	424	426	427	420	442	430	428	133	444.959991455
1131	"Eval131"	"Lens culinaris"	24	1	42.77416667	-5.943333333	"Spain"	"León"	"Riello"	"25"	10.4041662216	10.7083330154	11.0083332062	10.6708335876	10.5541667938	10.6416664124	10.7875003815	10.8916664124	10.75	952	996	884	926	922	911	975	949	965	96.5599975586	736.880004883
1132	"Eval132"	"Lens culinaris"	60	0	42.46388889	-6.205555556	"Spain"	"León"	"El Ganso (Brazuelo)"	"25"	11.0041666031	11.3083333969	11.6208333969	11.2791662216	11.1708335876	11.2458333969	11.4166669846	11.5166664124	11.3708333969	933	979	864	907	906	894	945	924	934	100.879997253	689.960021973
1133	"Eval133"	"Lens culinaris"	54	0	42.96944444	-6.125	"Spain"	"León"	"La Riera (Cabrillanes)"	"15"	8.13749980927	8.42916679382	8.72916698456	8.375	8.26249980927	8.35000038147	8.49583339691	8.60833358765	8.46249961853	1204	1269	1127	1179	1170	1165	1240	1210	1229	74.1200027466	988.880004883
1134	"Eval134"	"Lens culinaris"	48	0	28.96666667	-13.71666667	"Spain"	"Las Palmas"	"Uga (Teguise 5,2 km NE)"	"3"	19.5833339691	19.7166671753	19.9624996185	19.8999996185	19.8916664124	19.8833332062	19.6875	19.7583332062	19.6333332062	147	148	143	142	144	143	143	143	140	182.520004272	159.119995117
1137	"Eval137"	"Lens culinaris"	17	1	37.17722222	-2.947222222	"Spain"	"Granada"	"Hueneja"	"21"	14.3541660309	14.5583333969	14.7958335876	14.5500001907	14.4624996185	14.6041669846	14.5583333969	14.6041669846	14.625	442	450	437	419	423	410	437	434	429	131.119995117	509.519989014
1140	"Eval140"	"Lens culinaris"	47	0	42.94305556	-5.722222222	"Spain"	"León"	"Pobladura de la Tercia (Villamanín)"	"16"	8.59583282471	8.87916660309	9.1875	8.82083320618	8.69583320618	8.79583358765	8.94999980927	9.05833339691	8.90416622162	1058	1111	988	1031	1025	1021	1091	1064	1078	76.7600021362	898.799987793
1141	"Eval141"	"Lens culinaris"	55	0	43.00694444	-5.683333333	"Spain"	"León"	"Tonín (Villamanín)"	"16"	7.9375	8.22083377838	8.52916622162	8.15416622162	8.03750038147	8.11666679382	8.26666641235	8.38333320618	8.24583339691	1131	1191	1061	1104	1095	1092	1169	1138	1157	68.9599990845	978.200012207
1142	"Eval142"	"Lens culinaris"	63	0	42.91666667	-5.001388889	"Spain"	"León"	"Tejerina (Prioro)"	"25"	9.22083377838	9.46666622162	9.73750019073	9.4375	9.32916641235	9.42083358765	9.5625	9.67916679382	9.52916717529	865	903	814	840	835	833	892	869	885	80.3600006104	853.400024414
1143	"Eval143"	"Lens culinaris"	52	0	38.07055556	-3.306111111	"Spain"	"Jaén"	"Sabiote"	"21"	16.375	16.6375007629	16.8916664124	16.5125007629	16.4166660309	16.5833339691	16.6875	16.7291660309	16.7458324432	417	420	405	398	397	387	422	413	408	151.520004272	488.279998779
1144	"Eval144"	"Lens culinaris"	57	0	40.00861111	-3.945555556	"Spain"	"Toledo"	"Cabañas de la Sagra"	"21"	16.5791664124	16.8708324432	17.1666660309	16.7291660309	16.6291656494	16.7833328247	16.9125003815	16.9458332062	16.9125003815	355	359	340	343	344	331	360	352	349	146.839996338	397.600006104
1145	"Eval145"	"Lens culinaris"	17	1	37.18277778	-3.0625	"Spain"	"Granada"	"Lacalahorra"	"21"	14.2041664124	14.4083328247	14.6499996185	14.3958330154	14.3083333969	14.4583330154	14.3958330154	14.4416666031	14.4499998093	461	471	455	437	442	429	458	453	447	129.080001831	531.08001709
1146	"Eval146"	"Lens culinaris"	62	0	37.39583333	-2.61	"Spain"	"Almería"	"El Hijate,Cortijo Pilancón (Alcontar)"	"21"	14.9333333969	15.1666669846	15.3916664124	15.0916671753	14.9958333969	15.1500005722	15.1750001907	15.2375001907	15.2291669846	399	407	395	381	383	372	398	393	386	137.880004883	451.679992676
1149	"Eval149"	"Lens culinaris"	66	0	40.88416667	-2.8175	"Spain"	"Guadalajara"	"Argecilla"	"24"	12.5708332062	12.8833332062	13.1583337784	12.8166666031	12.7250003815	12.8625001907	12.9583330154	13.0249996185	12.9458332062	458	466	446	450	450	432	466	451	454	109	488.119995117
1151	"Eval151"	"Lens culinaris"	53	0	40.735	-2.833888889	"Spain"	"Guadalajara"	"Pajares, Brihuega"	"24"	13.0916662216	13.3958330154	13.6666669846	13.3125	13.2166662216	13.3583335876	13.4708328247	13.5333337784	13.4458332062	446	449	434	436	437	421	451	439	443	113.319999695	475.079986572
1153	"Eval153"	"Lens culinaris"	72	0	40.50305556	-2.942777778	"Spain"	"Guadalajara"	"Moratilla de los Meleros"	"24"	13.5458335876	13.8416671753	14.1208333969	13.7375001907	13.6500005722	13.7958335876	13.9208335876	13.9833335876	13.9125003815	447	451	433	437	439	422	454	442	442	116.839996338	471.640014648
1154	"Eval154"	"Lens culinaris"	48	0	40.51916667	-2.879722222	"Spain"	"Guadalajara"	"Fuentelencina"	"24"	13.4499998093	13.7624998093	14.0291662216	13.6499996185	13.5625	13.7166662216	13.8333330154	13.8874998093	13.8125	460	464	446	449	451	434	467	453	455	115.319999695	478.200012207
1157	"Eval157"	"Lens culinaris"	82	0	40.29916667	-2.98	"Spain"	"Guadalajara"	"Almoguera"	"21"	15.0708332062	15.3791666031	15.6499996185	15.2583332062	15.1708335876	15.3208332062	15.4458332062	15.4833335876	15.4208335876	431	435	418	421	422	407	436	424	426	131.080001831	430
1158	"Eval158"	"Lens culinaris"	70	0	40.75833333	-2.868888889	"Spain"	"Guadalajara"	"Brihuega"	"24"	13.0291662216	13.3333330154	13.6000003815	13.2458333969	13.1541662216	13.3041667938	13.4083328247	13.4708328247	13.3916664124	446	450	434	435	438	421	452	438	442	114.400001526	468
1159	"Eval159"	"Lens culinaris"	60	0	40.82444444	-2.781111111	"Spain"	"Guadalajara"	"Yela, Brihuega"	"24"	12.9708337784	13.2749996185	13.5416669846	13.1958332062	13.0916662216	13.2416667938	13.3374996185	13.4125003815	13.3125	456	462	445	445	447	430	464	449	453	112.440002441	474.079986572
1160	"Eval160"	"Lens culinaris"	73	0	40.745	-3.031388889	"Spain"	"Guadalajara"	"Torija"	"24"	13.0958328247	13.4041662216	13.6875	13.3249998093	13.2291669846	13.3833332062	13.4791669846	13.5541667938	13.4708337784	427	433	415	419	420	403	433	421	424	114.279998779	472.279998779
1161	"Eval161"	"Lens culinaris"	62	0	40.93972222	-2.786111111	"Spain"	"Guadalajara"	"Castejón de Henares"	"24"	12.6958332062	13.0166664124	13.2875003815	12.9416666031	12.8500003815	12.9916667938	13.0874996185	13.1583328247	13.0708332062	450	458	439	443	443	425	459	443	446	111.160003662	477.679992676
1163	"Eval163"	"Lens culinaris"	43	0	40.68333333	-2.916666667	"Spain"	"Guadalajara"	"Archilla, Brihuega"	"24"	13.2958335876	13.6083335876	13.8791666031	13.5291662216	13.4291667938	13.5708332062	13.6875	13.7624998093	13.6708335876	436	441	423	428	429	412	442	429	434	116.199996948	464.880004883
1164	"Eval164"	"Lens culinaris"	66	0	40.63333333	-2.9	"Spain"	"Guadalajara"	"Balconete, Brihuega"	"24"	13.2333335876	13.5333328247	13.8000001907	13.4250001907	13.3458337784	13.4916667938	13.6041669846	13.6583337784	13.5958337784	448	453	437	438	440	422	454	442	444	114.080001831	475.760009766
1165	"Eval165"	"Lens culinaris"	66	0	40.68833333	-2.884722222	"Spain"	"Guadalajara"	"Romancos, Brihuega"	"24"	13.4041671753	13.6875	13.9749994278	13.6083335876	13.5166664124	13.6708335876	13.7708330154	13.8333330154	13.75	440	444	427	430	431	415	445	432	437	116.879997253	461.239990234
1166	"Eval166"	"Lens culinaris"	45	0	41.40805556	-4.403055556	"Spain"	"Segovia"	"San Cristóbal de Cuéllar"	"24"	12.9916667938	13.2958335876	13.5916662216	13.2458333969	13.1708335876	13.3000001907	13.3833332062	13.4791669846	13.3500003815	401	410	371	390	391	377	399	386	389	119.800003052	422.600006104
1167	"Eval167"	"Lens culinaris"	79	0	40.46361111	-2.960277778	"Spain"	"Guadalajara"	"Hueva"	"24"	13.7375001907	14.0458335876	14.3125	13.9375	13.8500003815	13.9875001907	14.125	14.1583328247	14.1000003815	440	443	425	430	431	415	445	434	434	119.680000305	463.679992676
1168	"Eval168"	"Lens culinaris"	17	1	43.13472222	-8.931666667	"Spain"	"La Coruña"	"Lamas (Zas)"	"25"	14.2541666031	14.3416671753	14.6083335876	14.5333337784	14.4416666031	14.4624996185	14.4916667938	14.5749998093	14.4166669846	1100	1150	1058	1051	1059	1054	1127	1117	1125	136.63999939	1105.80004883
1169	"Eval169"	"Lens culinaris"	65	0	38.61388889	-2.049722222	"Spain"	"Albacete"	"La Noguera (Ayna)"	"21"	13.9708337784	14.2375001907	14.4833335876	14.1333332062	14.0166664124	14.2291669846	14.2791671753	14.3083333969	14.2750005722	428	428	427	421	421	411	441	431	421	127.959999084	463.279998779
1170	"Eval170"	"Lens culinaris"	55	0	41.01972222	-5.590277778	"Spain"	"Salamanca"	"Castellanos de Moriscos"	"21"	13.1291666031	13.4375	13.7833337784	13.3999996185	13.3208332062	13.4333333969	13.5541667938	13.6208333969	13.5208330154	504	525	464	481	484	462	500	487	489	118.400001526	399.480010986
1172	"Eval172"	"Lens culinaris"	49	0	37.67083333	-4.236666667	"Spain"	"Cordoba"	"Baena (Albendín)"	"2"	18.5916671753	18.8500003815	19.1375007629	18.7708339691	18.6833343506	18.8166675568	18.8166675568	18.8541660309	18.9041671753	507	510	478	474	476	465	508	496	494	172.919998169	547.280029297
1173	"Eval173"	"Lens culinaris"	74	0	39.72222222	2.913055556	"Spain"	"Baleares"	"Inca"	"2"	17.0916671753	17.2083339691	17.4916667938	17.1541671753	17.0499992371	17.1666660309	17.1541671753	17.2083339691	17.1041660309	603	616	614	587	595	609	622	610	606	160.160003662	595.880004883
1174	"Eval174"	"Lens culinaris"	64	0	41.2325	-5.494166667	"Spain"	"Zamora"	"Fuentesaúco"	"21"	13.1499996185	13.4750003815	13.7958335876	13.4166669846	13.3583335876	13.4624996185	13.5791664124	13.6541662216	13.5333328247	494	513	453	471	477	457	488	475	477	117.400001526	381.040008545
1175	"Eval175"	"Lens culinaris"	61	0	37.34388889	-3.785555556	"Spain"	"Granada"	"Moclín"	"21"	15.6875	15.8958330154	16.1416664124	15.8541669846	15.7666664124	15.9166669846	15.8541669846	15.8916664124	15.9166669846	469	474	453	443	446	431	470	460	457	142.440002441	554.440002441
1176	"Eval176"	"Lens culinaris"	62	0	37.35194444	-3.291944444	"Spain"	"Granada"	"Darro"	"21"	14.1333332062	14.3374996185	14.6000003815	14.2833328247	14.1833333969	14.3249998093	14.2916669846	14.3374996185	14.3666667938	492	501	481	466	471	454	493	484	479	129.479995728	566.119995117
1177	"Eval177"	"Lens culinaris"	51	0	37.57305556	-3.503611111	"Spain"	"Granada"	"Montejicar"	"21"	14.1791667938	14.4291667938	14.6708335876	14.2875003815	14.1958332062	14.3541669846	14.3416671753	14.3874998093	14.4083337784	522	527	507	493	495	478	521	510	508	128.63999939	607
1178	"Eval178"	"Lens culinaris"	43	0	28.56666667	-13.83333333	"Spain"	"Las Palmas"	"La Oliva (Rosa de Tinoja)"	"2"	21.25	21.3583335876	21.6208324432	21.5625	21.5458335876	21.5541667938	21.3833332062	21.4500007629	21.3416671753	103	104	101	101	101	101	102	101	98	198.111114502	109.222221375
1179	"Eval179"	"Lens culinaris"	58	0	28.52666667	-13.99055556	"Spain"	"Las Palmas"	"Puerto del Rosario. Tefia"	"2"	20.1166667938	20.25	20.5041675568	20.4583339691	20.4333324432	20.4375	20.2583332062	20.3333339691	20.2208328247	136	138	133	134	135	135	134	134	131	184.039993286	137.520004272
1180	"Eval180"	"Lens culinaris"	66	0	37.13388889	-3.82	"Spain"	"Granada"	"Chimeneas"	"21"	17.1791667938	17.3624992371	17.6166667938	17.3999996185	17.3291664124	17.4666671753	17.3500003815	17.3791675568	17.4249992371	406	414	393	386	391	374	408	400	398	152.839996338	449.119995117
1181	"Eval181"	"Lens culinaris"	46	0	38.25194444	-3.203888889	"Spain"	"Jaén"	"Santisteban del Puerto"	"21"	16.8166675568	17.0916671753	17.3624992371	16.9708328247	16.8875007629	17.0625	17.1541671753	17.2124996185	17.2041664124	389	392	378	374	371	363	394	385	381	155.279998779	440.720001221
1182	"Eval182"	"Lens culinaris"	38	0	40.98944444	-6.865	"Spain"	"Salamanca"	"La Fregeneda"	"22"	14.7541666031	15.1083335876	15.4250001907	15.0500001907	14.9791669846	15.0458335876	15.2250003815	15.2875003815	15.1875	1014	1065	942	961	969	929	1006	990	995	135.520004272	744.159973145
1183	"Eval183"	"Lens culinaris"	50	0	41.98611111	-5.403055556	"Spain"	"Zamora"	"Villanueva del Campo"	"24"	13.2124996185	13.5166664124	13.8291664124	13.4541664124	13.3583335876	13.4624996185	13.625	13.7125005722	13.5791664124	519	542	481	511	513	500	524	513	515	118.519996643	426.799987793
1184	"Eval184"	"Lens culinaris"	21	1	28.96027778	-13.55138889	"Spain"	"Las Palmas"	"Arrecife"	"NA"	20.8916664124	21.0208339691	21.2666664124	21.2083339691	21.2000007629	21.1833324432	21.0041656494	21.0750007629	20.9458332062	120	120	117	114	117	116	117	115	113	195	129.720001221
1187	"Eval187"	"Lens culinaris"	69	0	40.16888889	-3.271111111	"Spain"	"Madrid"	"Villarejo de Salvanés"	"21"	15.0958328247	15.391667366	15.6708335876	15.2375001907	15.1583328247	15.3249998093	15.4375	15.4833335876	15.4125003815	432	436	416	420	421	408	438	426	425	132.800003052	444.679992676
1189	"Eval188"	"Lens culinaris"	52	0	42.09972222	-5.033055556	"Spain"	"Valladolid"	"Villalón de Campos"	"24"	13	13.2833337784	13.5791664124	13.1916666031	13.0958337784	13.2083330154	13.3625001907	13.4708328247	13.3166666031	466	483	433	457	461	450	470	461	463	117.599998474	459.480010986
1190	"Eval189"	"Lens culinaris"	80	0	40.71666667	-2.766666667	"Spain"	"Guadalajara"	"Castilmimbre, Brihuega"	"24"	12.7624998093	13.0541667938	13.3374996185	12.9708328247	12.8833332062	13.0375003815	13.1333332062	13.1999998093	13.1166667938	474	481	465	465	467	449	483	468	470	109.800003052	491.320007324
1191	"Eval190"	"Lens culinaris"	62	0	42.57666667	0.276388889	"Spain"	"Huesca"	"Tella-Sin (Sin)"	"15"	9.35416698456	9.71666622162	9.92500019073	9.46666622162	9.34166622162	9.47500038147	9.63333320618	9.77916622162	9.6875	947	971	954	956	953	922	995	980	988	69.4800033569	1023.79998779
1192	"Eval191"	"Lens culinaris"	45	0	42.42555556	-0.661388889	"Spain"	"Huesca"	"Las Peñas de Riglos (Centenero)"	"24"	13.8458337784	14.1541662216	14.3833332062	13.9750003815	13.8708333969	14.0083332062	14.1374998093	14.2791662216	14.1625003815	613	631	608	616	613	593	638	627	635	104.36000061	682.159973145
1193	"Eval192"	"Lens culinaris"	50	0	41.06666667	-1.385833333	"Spain"	"Teruel"	"San Martín del Rio"	"24"	13.5458335876	13.875	14.0916662216	13.7291669846	13.6458330154	13.7708330154	13.8458337784	13.9166669846	13.8416662216	389	401	395	397	395	376	412	397	406	111.319999695	412.959991455
1197	"Eval196"	"Lens culinaris"	50	0	42.17277778	-0.005277778	"Spain"	"Huesca"	"Radiquero"	"21"	14.2583332062	14.6041669846	14.8500003815	14.4041662216	14.2875003815	14.4208335876	14.5916671753	14.7208328247	14.6333332062	597	606	606	609	607	585	626	618	621	104	623.640014648
1198	"Eval197"	"Lens culinaris"	89	0	38.96583333	-1.444166667	"Spain"	"Albacete"	"Higueruela"	"21"	13.4208335876	13.7333335876	13.9375	13.5666666031	13.4541664124	13.6374998093	13.6666669846	13.7083330154	13.6708335876	435	429	437	432	431	424	449	442	427	122.36000061	492.679992676
1200	"Eval199"	"Lens culinaris"	89	0	39.56166667	-1.908611111	"Spain"	"Cuenca"	"Motilla del Palancar"	"21"	14.7041664124	15.0166664124	15.25	14.8666667938	14.7833337784	14.9583330154	15.0374994278	15.0916662216	15.0374994278	419	418	420	417	417	411	433	422	415	127.839996338	452.160003662
1202	"Eval201"	"Lens culinaris"	86	0	39.33333333	-1.716666667	"Spain"	"Cuenca"	"Hoya Camino de Navas (Ledaña)"	"21"	15.4208335876	15.7166662216	15.9375	15.5749998093	15.4624996185	15.6416664124	15.7166662216	15.7541666031	15.7125005722	386	382	387	386	386	381	400	391	382	136.600006104	413.839996338
1205	"Eval202"	"Lens culinaris"	85	0	39.35333333	-2.324722222	"Spain"	"Cuenca"	"Casas de Fernando Alonso"	"21"	15.7166662216	16.0208339691	16.2583332062	15.8791666031	15.7916669846	15.9499998093	16.0916671753	16.125	16.0791664124	416	414	410	413	415	408	426	415	410	137.679992676	419.920013428
1207	"Eval204"	"Lens culinaris"	92	0	39.72972222	-2.926388889	"Spain"	"Cuenca"	"Villamayor de Santiago"	"21"	15.375	15.6708335876	15.9375	15.5208330154	15.4291667938	15.5874996185	15.7250003815	15.7541666031	15.7166662216	436	441	426	428	430	421	444	432	431	133.63999939	443.559997559
1209	"Eval206"	"Lens culinaris"	82	0	40.64083333	-2.841388889	"Spain"	"Guadalajara"	"Yelamos de Arriba"	"24"	13.0166664124	13.3166666031	13.5874996185	13.2249994278	13.1374998093	13.2749996185	13.3999996185	13.4499998093	13.3874998093	459	467	450	451	453	434	468	454	457	112.440002441	482.519989014
1210	"Eval207"	"Lens culinaris"	94	0	40.86722222	-1.935833333	"Spain"	"Guadalajara"	"Rillo de Gallo"	"24"	12.4833335876	12.8041667938	13.0249996185	12.6833333969	12.6000003815	12.7375001907	12.8249998093	12.9041662216	12.8125	502	509	500	500	499	479	520	505	508	102.839996338	487.720001221
1211	"Eval208"	"Lens culinaris"	89	0	41.09361111	-5.559444444	"Spain"	"Salamanca"	"Arcediano"	"21"	13.0083332062	13.3083333969	13.6499996185	13.2708330154	13.1999998093	13.3083333969	13.4333333969	13.5	13.3833332062	495	514	454	472	477	457	490	477	479	117.760002136	390.079986572
1214	"Eval211"	"Lens culinaris"	84	0	41.53805556	-5.386666667	"Spain"	"Zamora"	"Toro"	"21"	13.5916662216	13.8958330154	14.2291669846	13.8541669846	13.7750005722	13.8791666031	14.0250005722	14.1125001907	13.9916667938	504	520	465	489	493	474	500	490	493	123.319999695	365.359985352
1217	"Eval214"	"Lens culinaris"	92	0	41.65361111	-4.721944444	"Spain"	"Valladolid"	"Valladolid"	"24"	13.7583332062	14.0458335876	14.3500003815	13.9833335876	13.8916664124	14	14.1291666031	14.2458333969	14.1166667938	425	439	396	419	420	405	427	417	418	124.319999695	419.760009766
1219	"Eval216"	"Lens culinaris"	72	0	42.37222222	-5.031944444	"Spain"	"Leon"	"Sahagun"	"24"	12.7875003815	13.0583333969	13.3625001907	13.0208330154	12.9166669846	13.0041666031	13.1583328247	13.2666664124	13.1166667938	499	519	467	487	490	482	508	495	499	114.400001526	515.91998291
1220	"Eval217"	"Lens culinaris"	65	0	41.05	-2.1	"Spain"	"Guadalajara"	"Maranchon"	"24"	11.3249998093	11.625	11.8708333969	11.5208330154	11.4416666031	11.5916671753	11.6625003815	11.75	11.6499996185	552	561	545	549	548	528	571	553	556	93.0400009155	549.440002441
1223	"Eval220"	"Lens culinaris"	75	0	40.94527778	-2.725	"Spain"	"Guadalajara"	"Mirabueno"	"24"	12.5208330154	12.8249998093	13.0916662216	12.7541666031	12.6583337784	12.8041667938	12.8958330154	12.9583330154	12.875	465	473	453	458	457	440	474	459	461	109.120002747	486.480010986
1224	"Eval221"	"Lens culinaris"	78	0	40.95027778	-3.0875	"Spain"	"Guadalajara"	"Cogolludo"	"25"	13.3833332062	13.7041664124	13.9833335876	13.625	13.5375003815	13.6750001907	13.7791671753	13.8458337784	13.7624998093	396	405	384	390	390	372	403	391	392	118.519996643	448.679992676
1238	"Eval232"	"Lens culinaris"	82	0	39.61194444	-1.794722222	"Spain"	"Cuenca"	"Campillo de Altobuey"	"21"	14.0708332062	14.3791666031	14.6083335876	14.2333335876	14.1416664124	14.3083333969	14.4000005722	14.4250001907	14.3874998093	429	429	431	429	428	423	447	432	427	122.919998169	471.640014648
1245	"Eval238"	"Lens culinaris"	84	0	39.76055556	-3.163055556	"Spain"	"Toledo"	"Corral de Almaguer"	"21"	15.5791664124	15.8874998093	16.1541671753	15.7124996185	15.625	15.7749996185	15.9083337784	15.9541664124	15.8999996185	426	429	412	416	418	407	433	420	420	137.199996948	431.920013428
1246	"Eval239"	"Lens culinaris"	77	0	39.46972222	-3.5325	"Spain"	"Toledo"	"Madridejos"	"21"	15.9624996185	16.2416667938	16.5125007629	16.0791664124	16.0041675568	16.1583328247	16.2749996185	16.3166656494	16.2875003815	412	416	395	400	403	393	416	407	406	141.279998779	426.600006104
1249	"Eval242"	"Lens culinaris"	65	0	42.29111111	-4.141944444	"Spain"	"Burgos"	"Castrojeriz"	"24"	12.6625003815	12.9250001907	13.2041664124	12.875	12.7583332062	12.8874998093	13.0041666031	13.1041669846	12.9666662216	459	475	430	452	450	440	468	456	460	111.879997253	537.520019531
1251	"Eval244"	"Lens culinaris"	87	0	39.51444444	-2.489444444	"Spain"	"Cuenca"	"La Alberca de Zancara"	"21"	15.0958328247	15.3874998093	15.6333332062	15.2458333969	15.1583337784	15.3291664124	15.4624996185	15.5124998093	15.4666662216	443	442	433	439	438	431	453	440	437	131.880004883	449.239990234
1252	"Eval245"	"Lens culinaris"	66	0	42.77416667	-5.943333333	"Spain"	"Leon"	"Riello"	"25"	10.4041662216	10.7083330154	11.0083332062	10.6708335876	10.5541667938	10.6416664124	10.7875003815	10.8916664124	10.75	952	996	884	926	922	911	975	949	965	96.5599975586	736.880004883
1253	"Eval246"	"Lens culinaris"	61	0	42.87638889	-4.1125	"Spain"	"Cantabria"	"Valdeprado del Rio"	"24"	11.0749998093	11.2833328247	11.5458335876	11.3000001907	11.1791667938	11.2875003815	11.4125003815	11.5291662216	11.3708333969	749	773	700	725	719	711	773	752	763	98.2399978638	808.520019531
1254	"Eval247"	"Lens culinaris"	65	0	42.90944444	-4.075833333	"Spain"	"Cantabria"	"Valdeprado del Rio"	"24"	10.9499998093	11.1458330154	11.4166669846	11.1791667938	11.0416669846	11.1416664124	11.2750005722	11.4041662216	11.2416667938	765	789	715	740	735	725	789	768	778	96.3600006104	818.960021973
1260	"Eval250"	"Lens culinaris"	75	0	42.39027778	-5.390277778	"Spain"	"Leon"	"Gusendos de los Oteros"	"24"	13.0166664124	13.3083333969	13.6125001907	13.2583332062	13.1583337784	13.2541666031	13.3999996185	13.5083332062	13.3583335876	522	543	482	506	506	500	528	514	521	114.199996948	511.119995117
1267	"Eval252"	"Lens culinaris"	72	0	37.17722222	-2.947222222	"Spain"	"Granada"	"Hueneja"	"21"	14.3541660309	14.5583333969	14.7958335876	14.5500001907	14.4624996185	14.6041669846	14.5583333969	14.6041669846	14.625	442	450	437	419	423	410	437	434	429	131.119995117	509.519989014
1269	"Eval253"	"Lens culinaris"	89	0	37.88	-1.708611111	"Spain"	"Murcia"	"Lorca"	"21"	13.7541666031	13.9791669846	14.2125005722	13.9041662216	13.7958335876	13.9749994278	14.0458335876	14.0791664124	14.0833330154	424	426	425	408	409	395	430	424	413	128.080001831	484.519989014
1270	"Eval254"	"Lens culinaris"	69	0	29.09666667	-13.47	"Spain"	"Las Palmas"	"Haria"	"2"	20.0166664124	20.1416664124	20.3875007629	20.3291664124	20.3166675568	20.2916660309	20.1083335876	20.1583328247	20.0375003815	139	138	135	133	136	135	135	134	132	190.320007324	151.600006104
1271	"Eval255"	"Lens culinaris"	44	0	29.14527778	-13.49666667	"Spain"	"Las Palmas"	"Haria"	"3"	19.7749996185	19.8958339691	20.1541671753	20.0874996185	20.0666656494	20.0666656494	19.8458328247	19.9249992371	19.7999992371	142	141	138	136	138	137	138	137	135	188.559997559	158.759994507
1273	"Eval256"	"Lens culinaris"	61	0	40.62083333	-2.952777778	"Spain"	"Guadalajara"	"Valfermoso de Tajuña"	"24"	13.5666666031	13.8708333969	14.1291666031	13.7541666031	13.6750001907	13.8249998093	13.9458332062	14	13.9208335876	440	444	427	430	431	415	445	433	435	117.400001526	464.119995117
1275	"Eval257"	"Lens culinaris"	89	0	40.10888889	-3.387222222	"Spain"	"Madrid"	"Colmenar de Oreja"	"21"	15.2791671753	15.5833330154	15.8625001907	15.4250001907	15.3416662216	15.4916667938	15.6125001907	15.6625003815	15.6000003815	435	439	419	421	422	409	439	429	427	134.36000061	447.040008545
1276	"Eval258"	"Lens culinaris"	24	1	40.10888889	-3.387222222	"Spain"	"Madrid"	"Colmenar de Oreja"	"21"	15.2791671753	15.5833330154	15.8625001907	15.4250001907	15.3416662216	15.4916667938	15.6125001907	15.6625003815	15.6000003815	435	439	419	421	422	409	439	429	427	134.36000061	447.040008545
1279	"Eval261"	"Lens culinaris"	87	0	40.1425	-3.421111111	"Spain"	"Madrid"	"Chinchon"	"21"	15.4333333969	15.7375001907	16.0208339691	15.5958337784	15.5083332062	15.6583328247	15.7749996185	15.8166666031	15.7583332062	422	426	405	410	410	397	428	417	414	136.800003052	441.119995117
1283	"Eval264"	"Lens culinaris"	80	0	39.26888889	-2.605833333	"Spain"	"Albacete"	"Villarrobledo"	"21"	15.8541669846	16.1499996185	16.4166660309	16.0125007629	15.9166669846	16.0958328247	16.2333335876	16.2666664124	16.2458324432	423	423	414	419	418	414	433	422	416	139.440002441	421.079986572
1288	"Eval269"	"Lens nigricans"	35	0	37.08333333	-5.5	"Spain"	"Sevilla"	"Moron de la frontera"	"2"	17.9041671753	18.0541667938	18.3416671753	18.1791667938	18.1041660309	18.2291660309	18.0083332062	18.0458335876	18.0958328247	624	631	592	579	593	562	627	622	617	168.160003662	677.119995117
1290	"Eval271"	"Lens culinaris"	83	0	38.97388889	-3.343888889	"Spain"	"Ciudad Real"	"Membrilla"	"21"	16.3083324432	16.6041660309	16.8791675568	16.4416675568	16.3666667938	16.5291671753	16.6458339691	16.6833324432	16.6749992371	400	401	384	388	388	379	406	396	393	146	427.279998779
1300	"Eval279"	"Lens culinaris"	35	0	42.40694444	-4.902222222	"Spain"	"Palencia"	"Lagartos"	"24"	12.1541662216	12.4333333969	12.7041664124	12.3708333969	12.2541666031	12.3708333969	12.5208330154	12.6208333969	12.4791669846	517	540	485	505	508	501	528	516	519	108.760002136	550.520019531
1338	"Eval281"	"Lens culinaris subsp culinaris"	46	0	41.66666667	26.56666667	"Turkey"	"NA"	"Edirne"	"21"	15.0875005722	15.1291666031	15.3999996185	15.2541666031	15.0375003815	15.4458332062	15.1166667938	15.1833333969	14.9375	584	604	559	580	577	571	585	577	581	136.199996948	591.91998291
1339	"Eval282"	"Lens culinaris subsp culinaris"	55	0	39.74194444	39.4925	"Turkey"	"NA"	"Erzincan"	"27"	13.6625003815	13.5041666031	13.8208332062	13.7124996185	13.4499998093	13.8625001907	13.6833333969	13.7124996185	13.5916662216	427	432	442	462	450	462	459	458	459	111.839996338	456.959991455
1344	"Eval283"	"Lens culinaris subsp culinaris"	49	0	33.367793	35.874029	"Syria"	"NA"	"From village of Arnet at foot of Mount Hermon, Syria."	"21"	12.9041662216	12.875	13.0166664124	13.0375003815	12.7833337784	13.0833330154	12.9291667938	12.9416666031	12.9124994278	803	759	791	789	763	812	779	797	781	110.279998779	868.159973145
1345	"Eval284"	"Lens culinaris subsp culinaris"	73	0	33.76062	35.885183	"Libano"	"Zahle"	"From Al-Marj, Zahle, Lebanon."	"2"	18.2708339691	18.2374992371	18.3958339691	18.4249992371	18.1875	18.4791660309	18.2749996185	18.2958335876	18.2749996185	675	632	665	661	640	682	658	667	660	156.960006714	595.799987793
1346	"Eval285"	"Lens culinaris subsp culinaris"	73	0	38.217972	37.203332	"Turkey"	"NA"	"From Elbistan, Maras"	"21"	12.1916666031	12.0833330154	12.3791666031	12.5749998093	12.1999998093	12.6291666031	12.3166666031	12.3666667938	12.2208328247	414	420	424	440	425	452	439	444	445	105.440002441	434.959991455
1354	"Eval286"	"Lens culinaris subsp culinaris"	52	0	33.544635	68.4106	"Afghanistan "	"Ghazni"	"From Ghazni, Ghazni Province."	"NA"	8.77499961853	8.85416698456	8.93333339691	9.40833377838	9.20416641235	9.55416679382	9.41666698456	9.36250019073	9.40833377838	197	191	194	198	201	199	207	204	210	95.8000030518	253.399993896
1366	"Eval288"	"Lens culinaris subsp culinaris"	73	0	9.5833	41.8667	"Ethiopia"	"NA"	"Dire Dawa"	"NA"	24.8250007629	24.9750003815	24.9375	25.3875007629	25.3374996185	25.5125007629	25.1791667938	25.1958332062	25.0916671753	674	685	662	673	687	670	632	617	625	235.119995117	675.91998291
1375	"Eval289"	"Lens culinaris subsp culinaris"	35	0	39.63333333	22.41666667	"Greece"	"NA"	"Thessalía"	"21"	16.7583332062	16.9125003815	17.2000007629	16.9291667938	16.75	17.0625	16.8666667938	16.9624996185	16.7875003815	430	433	408	433	421	429	424	419	425	157	466.040008545
1378	"Eval290"	"Lens culinaris subsp culinaris"	88	0	40.7	36.61666667	"Turkey"	"NA"	"Ankara"	"21"	15.1166667938	15.0416669846	15.2166662216	15.1708335876	14.9250001907	15.3333330154	15.1708335876	15.2166662216	15.1416664124	554	564	565	567	559	569	565	566	560	138.36000061	581.679992676
1379	"Eval291"	"Lens culinaris subsp culinaris"	46	0	48.02863	0.332655	"France"	"NA"	"Champagne area. Insufficient data - RW"	"24"	12.3166666031	12.6625003815	12.8041667938	12.4208335876	12.2708330154	12.4208335876	12.4833335876	12.6291666031	12.5666666031	683	689	659	667	666	665	672	675	680	109.879997253	682.840026855
1380	"Eval292"	"Lens culinaris subsp culinaris"	44	0	48.33333333	-1.16666667	"France"	"NA"	"Beauce"	"24"	12.2624998093	12.5458335876	12.7124996185	12.3333330154	12.2208337784	12.3458328247	12.4124994278	12.5375003815	12.4875001907	765	785	739	745	735	749	746	749	752	109.160003662	741.280029297
1392	"Eval296"	"Lens culinaris subsp culinaris"	15	1	-36.6	-72.11666667	"CHILE"	"NA"	"Chillan"	"NA"	14.3916664124	14.5666666031	14.625	14.4375	14.4291667938	14.5291662216	14.4583330154	14.4458332062	14.2875003815	1055	1120	1082	1033	1024	1035	1018	1002	1027	133.559997559	877.760009766
1395	"Eval298"	"Lens culinaris subsp culinaris"	59	0	-36.6	-72.11666667	"Chile"	"NA"	"Chillan"	"NA"	14.3916664124	14.5666666031	14.625	14.4375	14.4291667938	14.5291662216	14.4583330154	14.4458332062	14.2875003815	1055	1120	1082	1033	1024	1035	1018	1002	1027	133.559997559	877.760009766
1398	"Eval301"	"Lens culinaris subsp culinaris"	39	0	-37.88333333	-71.18333333	"Chile"	"NA"	"Mallecon"	"NA"	6.05833339691	6.24166679382	6.29583311081	6.12083339691	6.11666679382	6.21666669846	6.09166669846	6.10416650772	5.97499990463	1122	1169	1138	1131	1117	1123	1083	1072	1094	57.6800003052	1093.56005859
1401	"Eval304"	"Lens culinaris subsp culinaris"	70	0	-33.45	-70.66666667	"CHILE"	"NA"	"Región Metropolitana de Santiago"	"NA"	16.3333339691	16.5208339691	16.5958328247	16.7708339691	16.75	16.9041671753	16.4541664124	16.4291667938	16.2749996185	345	356	355	345	343	349	340	336	336	146.960006714	354.480010986
1403	"Eval306"	"Lens culinaris subsp culinaris"	26	1	36.39	37.18	"Syria"	"NA"	"Aleppo"	"2"	19.0041656494	18.9708328247	19.1916675568	19.0333328247	18.7416667938	19.0625	18.9708328247	19.0458335876	18.9583339691	344	329	347	355	346	368	355	355	358	166.479995728	374.640014648
1406	"Eval308"	"Lens culinaris subsp culinaris"	59	0	14.56666667	-90.73333333	"Guatemala"	"NA"	"Sacatepéquez"	"NA"	19.1291675568	19.2416667938	19.3458328247	19.2875003815	19.2541675568	19.3833332062	19.3125	19.3708343506	19.3333339691	1145	1167	1170	1119	1160	1129	1274	1268	1271	180.960006714	1117.52001953
1407	"Eval309"	"Lens culinaris subsp culinaris"	64	0	17.46666667	-97.23333333	"Mexico"	"NA"	"Oaxaca"	"NA"	17.9708328247	17.9624996185	18.1291675568	18.1124992371	18.0499992371	18.1666660309	18	18.0833339691	18.0666656494	555	533	529	579	589	588	617	597	612	162.919998169	564.640014648
1409	"Eval310"	"Lens culinaris subsp culinaris"	18	1	42	47	"Russian Federation"	"NA"	"Daghestan"	"NA"	1.71666669846	1.49166667461	1.79583334923	1.77083337307	1.51666665077	1.89166665077	1.5625	1.58749997616	1.47083342075	714	708	703	721	731	742	741	729	742	-0.680000007153	707.440002441
1419	"Eval311"	"Lens culinaris subsp culinaris"	27	1	38.2494	48.3014	"Iran"	"NA"	"Ardabil"	"NA"	11.2541666031	10.9499998093	11.2666664124	11.3500003815	11.0458335876	11.4833335876	11.2541666031	11.2333335876	11.1916666031	352	357	365	359	370	365	380	375	371	95.8000030518	329.679992676
1423	"Eval314"	"Lens culinaris subsp culinaris"	46	0	37.21666667	30.3	"Turkey"	"Antalya"	"Bozova"	"21"	14.4583330154	14.5249996185	14.6916666031	14.7375001907	14.4958333969	14.8041667938	14.5249996185	14.6208333969	14.5416669846	454	483	457	458	449	448	462	463	469	131	485.640014648
1426	"Eval317"	"Lens culinaris subsp culinaris"	55	0	40.91666667	32.08333333	"Turkey"	"Bolu"	"Babahidir"	"27"	12.3541669846	12.4375	12.6374998093	12.5083332062	12.2958335876	12.6458330154	12.4750003815	12.5541667938	12.3708333969	600	634	613	632	617	639	620	610	617	114.879997253	591.239990234
1427	"Eval318"	"Lens culinaris subsp culinaris"	50	0	37.30611111	29.77583333	"Turkey"	"NA"	"Tefenni "	"21"	13.0333328247	13.1083335876	13.2875003815	13.2958335876	13.0666666031	13.3500003815	13.0874996185	13.1541662216	13.0791664124	502	536	510	511	503	500	516	515	522	114.680000305	521.559997559
1428	"Eval319"	"Lens culinaris subsp culinaris"	55	0	39.4	30.63333333	"Turkey"	"Eski?ehir"	"Kesenler"	"21"	11.7250003815	11.8833332062	12.0874996185	12.1208333969	11.8583335876	12.2166671753	11.9624996185	12.0541667938	11.875	444	465	442	454	444	450	442	438	445	102.440002441	435.600006104
1431	"Eval320"	"Lens culinaris subsp culinaris"	10	1	41.81194444	21.99472222	"Macedonia"	"NA"	"Amzibegovo"	"21"	14.2875003815	14.4583330154	14.8166666031	14.5416669846	14.3333330154	14.6583337784	14.4083337784	14.5625	14.3458328247	451	461	439	453	441	448	427	433	437	125.519996643	479.160003662
1432	"Eval321"	"Lens culinaris subsp culinaris"	14	1	11.5	39.6	"Ethiopia"	"NA"	"Wichale market"	"NA"	20.9583339691	21.2250003815	21.0125007629	21.4958324432	21.4666671753	21.5916671753	21.2708339691	21.3541660309	21.1499996185	960	1015	1016	1025	1018	1047	1075	1028	1085	198.800003052	985.799987793
1433	"Eval322"	"Lens culinaris subsp culinaris"	4	1	41.54361111	22.54444444	"Macedonia"	"NA"	"Dukatino"	"25"	14.4375	14.5583333969	14.9416666031	14.6875	14.4750003815	14.7958335876	14.5416669846	14.6958332062	14.4624996185	457	469	448	463	448	458	440	439	445	128.399993896	462.760009766
1437	"Eval326"	"Lens culinaris subsp culinaris"	49	0	31.75	-8.25	"Morocco "	"NA"	"Guich "	"2"	20.6208324432	20.8541660309	21.2291660309	20.9500007629	20.9458332062	21.0666675568	20.8791675568	20.9416675568	21.0208339691	248	232	228	218	221	216	237	225	225	196.960006714	247.479995728
1439	"Eval328"	"Lens culinaris subsp culinaris"	59	0	44.22361111	20.31166667	"Serbia"	"NA"	" Ivankovci"	"25"	12.5458335876	12.7875003815	13.1458330154	12.7749996185	12.5500001907	12.8958330154	12.6499996185	12.8249998093	12.4958333969	747	754	746	765	741	769	725	740	741	113.480003357	752.840026855
1443	"Eval331"	"Lens culinaris subsp culinaris"	55	0	31.13333333	35.64083333	"Jordan"	"NA"	" Fragi, Karak"	"2"	18.4083328247	18.2083339691	18.4708328247	18.5666675568	18.2749996185	18.6375007629	18.5083332062	18.4874992371	18.5583324432	314	302	307	319	312	309	313	321	313	168.839996338	319.480010986
1444	"Eval332"	"Lens culinaris subsp culinaris"	64	0	36.7	67.1	"Afghanistan "	"Balkh"	"Mazar-i-Sharif "	"NA"	19.1208324432	19.1124992371	19.2999992371	19.5791664124	19.3291664124	19.6916675568	19.6916675568	19.6833324432	19.7083339691	190	186	189	186	188	187	197	193	193	172.399993896	182.720001221
1445	"Eval333"	"Lens culinaris subsp culinaris"	30	0	29.145027	71.27512	"Pakistan"	"NA"	"Ahmedpur Sharkia. Not Found - RW"	"NA"	26.6625003815	26.7041664124	26.7999992371	26.7250003815	26.4874992371	26.8125	27.1749992371	27.1625003815	27.1958332062	150	154	160	167	169	169	178	182	177	258	134.520004272
1446	"Eval334"	"Lens culinaris subsp culinaris"	4	1	30.06666667	73.06666667	"Pakistan"	"Punjab"	"Arifwala"	"NA"	26.3833332062	26.3708324432	26.4791660309	26.3541660309	26.125	26.4708328247	26.8916664124	26.8500003815	26.8958339691	207	199	216	223	222	226	232	232	232	252	200.880004883
1447	"Eval335"	"Lens culinaris subsp culinaris"	1	1	32.33333333	74.35	"Pakistan"	"Punjab"	"Daska"	"NA"	24.0166664124	24.0166664124	24.1541671753	24.0708332062	23.8041667938	24.1041660309	24.6916675568	24.6416664124	24.6583328247	729	767	782	805	793	807	789	809	789	238	641.119995117
1448	"Eval336"	"Lens culinaris subsp culinaris"	29	1	34.6175	71.97138889	"Pakistan"	"North-West Frontier"	"Bat Khela"	"NA"	20.0083332062	19.9666671753	20.1541671753	19.9791660309	19.7999992371	20.0874996185	20.7749996185	20.5499992371	20.6416664124	740	765	766	758	746	739	807	806	819	197.520004272	769.400024414
1449	"Eval337"	"Lens culinaris subsp culinaris"	16	1	35.28333333	47.18333333	"Iran"	"NA"	"Garmackabad"	"NA"	11.3791666031	11.0500001907	11.3833332062	11.5791664124	11.2624998093	11.6958332062	11.3708333969	11.3833332062	11.4624996185	420	434	439	454	452	450	476	474	475	90.1600036621	466
1494	"Eval339"	"Lens culinaris subsp culinaris"	58	0	32.608304	51.749865	"Iran"	"NA"	"E?fah?n"	"NA"	17.2625007629	17.0583324432	17.3999996185	17.75	17.5291671753	17.8874988556	17.7625007629	17.7041664124	17.8708343506	138	137	132	136	140	142	149	146	150	156.720001221	120.63999939
1501	"Eval341"	"Lens culinaris subsp culinaris"	18	1	32.608304	51.749865	"Iran"	"NA"	"E?fah?n"	"NA"	17.2625007629	17.0583324432	17.3999996185	17.75	17.5291671753	17.8874988556	17.7625007629	17.7041664124	17.8708343506	138	137	132	136	140	142	149	146	150	156.720001221	120.63999939
1516	"Eval343"	"Lens culinaris subsp culinaris"	26	1	46.905304	-117.080171	"United States"	"eastern Washington"	"Palouse hills"	"NA"	9.97916698456	10.2624998093	10.3208332062	9.8125	9.68333339691	10.0749998093	10.3791666031	10.2583332062	10.1958332062	598	570	594	583	601	590	615	618	611	78.6399993896	592.719970703
1517	"Eval344"	"Lens culinaris subsp culinaris"	7	1	19.51666667	-98.86666667	"Mexico"	"NA"	"Texcoco"	"NA"	17.2374992371	17.3041667938	17.3833332062	17.5083332062	17.4249992371	17.5375003815	17.3666667938	17.4583339691	17.4500007629	576	522	553	587	580	573	604	587	589	150.800003052	590.840026855
1520	"Eval345"	"Lens culinaris subsp culinaris"	36	0	-28.63333333	-53.1	"Brazil"	"NA"	"Ibiruba"	"NA"	19.6625003815	19.9791660309	20.0208339691	19.7666664124	19.6458339691	19.8875007629	19.8458328247	19.8791675568	19.8500003815	1802	1771	1621	1714	1693	1698	1777	1749	1785	189.720001221	1653.35998535
1522	"Eval346"	"Lens culinaris subsp culinaris"	55	0	28	80	"India"	"NA"	"Uttar Pradesh"	"NA"	25.6375007629	25.6000003815	25.7999992371	26.0666656494	25.5625	25.9958343506	26.3916664124	26.2625007629	26.2291660309	1346	1334	1204	1141	1136	1128	1183	1251	1212	250.039993286	1168.52001953
1523	"Eval347"	"Lens culinaris subsp culinaris"	55	0	25.18333333	85.51666667	"India"	"NA"	"Bihar"	"NA"	26.3999996185	26.5041656494	26.5499992371	26.8166656494	26.5083332062	26.7958335876	27.1291656494	27.0541667938	27.0333328247	1019	1007	1120	966	949	926	1022	1007	1019	263.679992676	962.679992676
1524	"Eval348"	"Lens culinaris subsp culinaris"	1	1	25.18333333	85.51666667	"India"	"NA"	"Bihar"	"NA"	26.3999996185	26.5041656494	26.5499992371	26.8166656494	26.5083332062	26.7958335876	27.1291656494	27.0541667938	27.0333328247	1019	1007	1120	966	949	926	1022	1007	1019	263.679992676	962.679992676
1533	"Eval352"	"Lens culinaris subsp culinaris"	18	1	28	80	"India"	"NA"	"Uttar Pradesh"	"NA"	25.6375007629	25.6000003815	25.7999992371	26.0666656494	25.5625	25.9958343506	26.3916664124	26.2625007629	26.2291660309	1346	1334	1204	1141	1136	1128	1183	1251	1212	250.039993286	1168.52001953
1534	"Eval353"	"Lens culinaris subsp culinaris"	38	0	28.05	79.11666667	"India"	"NA"	"Uttar Pradesh"	"NA"	25.8208332062	25.7541656494	25.9416656494	26.125	25.6124992371	26.0541667938	26.5333328247	26.4291667938	26.3999996185	1067	1077	967	955	944	949	994	1045	1017	252.279998779	981.239990234
1536	"Eval354"	"Lens culinaris subsp culinaris"	6	1	28.98333333	77.7	"India"	"NA"	"Uttar Pradesh"	"NA"	25.9125003815	25.7958335876	25.9874992371	26.0499992371	25.5499992371	25.9541664124	26.5166664124	26.4541664124	26.4291667938	971	1035	911	951	942	954	1012	1058	1064	247	925.159973145
1537	"Eval355"	"Lens culinaris subsp culinaris"	82	0	26.51694444	83.8	"India"	"NA"	"Uttar Pradesh"	"NA"	25.8583335876	25.9166660309	26.0458335876	26.1791667938	25.7875003815	26.1916675568	26.6375007629	26.5	26.5166664124	1230	1217	1257	1132	1128	1113	1250	1284	1224	254.479995728	1182.16003418
1550	"Eval356"	"Lens culinaris subsp culinaris"	82	0	35.18333333	59.38333333	"Iran"	"NA"	"Fars"	"NA"	16.3708324432	16.2791671753	16.5708332062	16.9083328247	16.6749992371	17.0166664124	16.8958339691	16.8999996185	16.9791660309	256	262	265	254	250	247	268	261	264	144.559997559	232.479995728
1565	"Eval359"	"Lens culinaris subsp culinaris"	14	1	42.33333333	-5.36666667	"Spain"	"NA"	" Leon"	"24"	12.8583335876	13.1583328247	13.4499998093	13.0916671753	12.9916667938	13.0791664124	13.2541666031	13.3458337784	13.2041664124	529	550	490	515	516	508	535	523	528	111.919998169	503.119995117
1572	"Eval366"	"Lens ervoides"	3	1	40.59194444	17.11527778	"Italy"	"NA"	"Massafra"	"21"	16.6208343506	16.8125	16.9750003815	16.8041667938	16.6458339691	16.8916664124	16.7749996185	16.8708343506	16.6875	581	609	573	580	566	580	581	565	582	156.440002441	527.239990234
1584	"Eval375"	"Lens ervoides"	73	0	31.81666667	35.03333333	"Israel"	"NA"	"Sha-Hagay"	"2"	19.3250007629	19.2625007629	19.3583335876	19.4916667938	19.2250003815	19.5625	19.3999996185	19.3958339691	19.3999996185	457	433	437	460	440	450	445	459	446	194.880004883	495
1586	"Eval377"	"Lens ervoides"	36	0	32.994619	35.22434	"Israel"	"NA"	"Yechiam. Not Found - RW"	"2"	19.4541664124	19.4458332062	19.5375003815	19.6083335876	19.3500003815	19.6458339691	19.5249996185	19.5416660309	19.5083332062	723	687	714	713	685	741	703	723	703	193.320007324	706.08001709
1589	"Eval380"	"Lens ervoides"	36	0	37.62	35.86	"Turkey"	"NA"	"Adana"	"2"	16.5458335876	16.5291671753	16.75	16.8541660309	16.5291671753	16.9083328247	16.6708335876	16.7458324432	16.5916671753	678	701	694	717	690	737	717	727	729	148.919998169	740.359985352
1594	"Eval383"	"Lens ervoides"	9	1	36.3	30.15	"Turkey"	"NA"	"Antalya"	"NA"	19.5458335876	19.5833339691	19.7041664124	19.6958332062	19.5	19.7791671753	19.625	19.6958332062	19.6124992371	811	855	830	822	807	827	839	838	839	183.333328247	929.541687012
1595	"Eval384"	"Lens nigricans"	0	1	43.91666667	5.13333333	"France"	"NA"	"Fontaine de Vaucaluse"	"21"	13.4833335876	13.9125003815	14.0666666031	13.7291669846	13.6041669846	13.7291669846	13.7041664124	13.8333330154	13.6791667938	845	850	807	821	826	816	856	854	847	110.919998169	769.200012207
1599	"Eval387"	"Lens nigricans"	0	1	43.35694444	16.95027778	"Croatia"	"NA"	"Baska Voda"	"24"	15.8500003815	16.1000003815	16.3291664124	15.9208335876	15.75	16.0541667938	15.9624996185	16.0958328247	15.8249998093	901	893	856	870	867	868	858	854	874	145.125	1000.625
1602	"Eval390"	"Lens nigricans"	27	1	44.08333333	7.6	"France"	"NA"	"Tende"	"24"	11.4791669846	11.7791671753	11.9499998093	11.6583337784	11.5583333969	11.7166662216	11.7166662216	11.7916669846	11.6833333969	861	872	834	828	837	821	864	866	857	100.120002747	864.679992676
1609	"Eval395"	"Lens culinaris subsp orientalis"	55	0	49.98333333	16.95	"Czech Republic"	"north Mora"	"Teminice"	"16"	8.74166679382	8.92500019073	9.26249980927	8.89999961853	8.75833320618	9.10833358765	8.90833377838	9.03333282471	8.88333320618	635	592	638	630	626	636	612	618	609	72.4000015259	618.440002441
1618	"Eval400"	"Lens culinaris subsp orientalis"	1	1	37.079643	37.410987	"Turkey"	"NA"	"Gaziantep"	"21"	17.0249996185	16.9541664124	17.2124996185	17.0874996185	16.7999992371	17.1375007629	17.0499992371	17.1333332062	17.0125007629	499	491	509	525	512	551	527	529	534	154.479995728	527.039978027
1619	"Eval401"	"Lens culinaris subsp orientalis"	2	1	37.823196	32.989336	"Turkey"	"NA"	"Karatay. Not found - RW"	"21"	12.7708330154	12.7375001907	12.9833335876	12.9708337784	12.6708335876	13.0416669846	12.8291664124	12.8874998093	12.8000001907	420	455	434	441	426	441	444	443	450	112.199996948	334.160003662
1622	"Eval403"	"Lens culinaris subsp orientalis"	55	0	37.901623	40.155321	"Turkey"	"NA"	"Diyarbakir"	"21"	17.7333335876	17.5166664124	17.8458328247	17.7708339691	17.4541664124	17.8583335876	17.6208324432	17.7374992371	17.5874996185	485	475	500	516	494	516	532	523	521	155.919998169	547.679992676
1624	"Eval404"	"Lens culinaris subsp orientalis"	73	0	37.44	41.03	"Turkey"	"NA"	"Mardin"	"21"	17.2208328247	16.9624996185	17.3041667938	17.1583328247	16.8541660309	17.2333335876	17.1166667938	17.2124996185	17.0874996185	682	660	697	720	696	733	745	729	726	159.320007324	722.159973145
1625	"Eval405"	"Lens culinaris subsp orientalis"	73	0	37.41666667	41.38333333	"Turkey"	"NA"	"Mardin"	"2"	18.3166656494	18.0208339691	18.4125003815	18.2250003815	17.9375	18.3291664124	18.2083339691	18.2916660309	18.1666660309	650	625	664	686	662	697	711	695	693	166.080001831	677.119995117
1627	"Eval407"	"Lens culinaris subsp orientalis"	27	1	40.322625	36.569123	"Turkey"	"NA"	"Tokat "	"27"	13.625	13.5416669846	13.7708330154	13.7541666031	13.4916667938	13.9083328247	13.6791667938	13.7250003815	13.6499996185	441	451	448	459	448	455	454	456	453	116.559997559	433.600006104
1631	"Eval410"	"Lens culinaris subsp orientalis"	0	1	36.33305556	33.41333333	"Turkey"	"NA"	"Icel"	"21"	15.9875001907	15.9583330154	16.0666656494	16.0666656494	15.8166666031	16.1208324432	15.9541664124	16.0041675568	15.8916664124	617	654	642	668	644	676	651	650	654	147.679992676	713.359985352
1632	"Eval411"	"Lens culinaris subsp orientalis"	10	1	38.38333333	37.6	"Turkey"	"NA"	"Malatya"	"18"	10.2708330154	10.1583337784	10.4666662216	10.6791667938	10.2958335876	10.7416667938	10.3666667938	10.4291667938	10.2875003815	463	467	472	490	476	504	487	493	495	82.5999984741	483.559997559
1633	"Eval412"	"Lens culinaris subsp orientalis"	27	1	37.56666667	41.06666667	"Turkey"	"NA"	"Mardin"	"21"	16.5041656494	16.2374992371	16.5958328247	16.4458332062	16.1541671753	16.5416660309	16.3958339691	16.4874992371	16.3583335876	730	709	750	776	749	788	803	785	781	149.880004883	775.640014648
1636	"Eval415"	"Lens culinaris subsp orientalis"	18	1	39.53333333	67.88333333	"Tajikistan"	"NA"	"Urmitan"	"NA"	12.2958335876	12.2291669846	12.4333333969	12.9041671753	12.6125001907	13.0249996185	12.7708330154	12.75	12.6791667938	407	397	415	408	413	394	429	422	421	101.279998779	524.91998291
1637	"Eval416"	"Lens culinaris subsp orientalis"	28	1	39.46666667	67.73333333	"Tajikistan"	"NA"	"Penzikent"	"NA"	13.9624996185	13.8833332062	14.0916662216	14.5708332062	14.2708330154	14.6999998093	14.4791669846	14.4583330154	14.3583335876	397	388	404	392	401	381	418	411	411	123.400001526	417.720001221
